0 0
0 0
0 0
0 0
0 0
0 0
0 0
0 0
0 0
0 0
0 0
0 0
0 0
0 0
0 0
0 0
0 0
0 0
0 0
0 0
0 0
0 0
0 0
0 0
0 0
0 0
0 0
0 0
0 0
0 0
0 0
0 0
0 0
0 0
0 0
0 0
0 0
0 0
0 0
0 0
0 0
0 0
0 0
0 0
0 0
0 0
0 0
0 0
0 0
0 0
0 0
0 0
0 0
0 0
0 0
0 0
0 0
0 0
0 0
0 0
0 0
0 0
0 0
0 0
0 0
0 0
0 0
0 0
0 0
0 0
0 0
0 0
0 0
0 0
0 0
0 0
0 0
0 0
0 0
0 0
0 0
0 0
0 0
0 0
0 0
0 0
0 0
0 0
0 0
0 0
0 0
0 0
0 0
0 0
0 0
0 0
0 0
0 0
0 0
0 0
0 0
0 0
0 0
0 0
0 0
0 0
0 0
0 0
0 0
0 0
0 0
0 0
0 0
0 0
0 0
0 0
0 0
0 0
0 0
0 0
0 0
0 0
0 0
0 0
0 0
0 0
0 0
0 0
0 0
0 0
0 0
0 0
0 0
0 0
0 0
0 0
0 0
0 0
0 0
0 0
0 0
0 0
0 0
0 0
0 0
0 0
0 0
0 0
0 0
0 0
0 0
0 0
0 0
0 0
0 0
0 0
0 0
0 0
0 0
0 0
0 0
0 0
0 0
0 0
0 0
0 0
0 0
0 0
0 0
0 0
0 0
0 0
0 0
0 0
0 0
0 0
0 0
0 0
0 0
0 0
0 0
0 0
0 0
0 0
0 0
0 0
0 0
0 0
0 0
0 0
0 0
0 0
0 0
0 0
0 0
0 0
0 0
0 0
0 0
0 0
0 0
0 0
0 0
0 0
0 0
0 0
0 0
0 0
0 0
0 0
0 0
0 0
0 0
0 0
0 0
0 0
0 0
0 0
0 0
0 0
0 0
0 0
0 0
0 0
0 0
0 0
0 0
0 0
0 0
0 0
0 0
0 0
0 0
0 0
0 0
0 0
0 0
0 0
0 0
0 0
0 0
0 0
0 0
0 0
0 0
0 0
0 0
0 0
0 0
0 0
0 0
0 0
0 0
0 0
0 0
0 0
0 0
0 0
0 0
0 0
0 0
0 0
0 0
0 0
0 0
0 0
0 0
0 0
0 0
0 0
0 0
0 0
0 0
0 0
0 0
0 0
0 0
0 0
0 0
0 0
0 0
0 0
0 0
0 0
0 0
0 0
0 0
0 0
0 0
0 0
0 0
0 0
0 0
0 0
0 0
0 0
0 0
0 0
0 0
0 0
0 0
0 0
0 0
0 0
0 0
0 0
0 0
0 0
0 0
0 0
0 0
0 0
0 0
0 0
0 0
0 0
0 0
0 0
0 0
0 0
0 0
0 0
0 0
0 0
0 0
0 0
0 0
0 0
0 0
0 0
0 0
0 0
0 0
0 0
0 0
0 0
0 0
0 0
0 0
0 0
0 0
0 0
0 0
0 0
0 0
0 0
0 0
0 0
0 0
0 0
0 0
0 0
0 0
0 0
0 0
0 0
0 0
0 0
0 0
0 0
0 0
0 0
0 0
0 0
0 0
0 0
0 0
0 0
0 0
0 0
0 0
0 0
0 0
0 0
0 0
0 0
0 0
0 0
0 0
0 0
0 0
0 0
0 0
0 0
0 0
0 0
0 0
0 0
0 0
0 0
0 0
0 0
0 0
0 0
0 0
0 0
0 0
0 0
0 0
0 0
0 0
0 0
0 0
0 0
0 0
0 0
0 0
0 0
0 0
0 0
0 0
0 0
0 0
0 0
0 0
0 0
0 0
0 0
0 0
0 0
0 0
0 0
0 0
0 0
0 0
0 0
0 0
0 0
0 0
0 0
0 0
0 0
0 0
0 0
0 0
0 0
0 0
0 0
0 0
0 0
0 0
0 0
0 0
0 0
0 0
0 0
0 0
0 0
0 0
0 0
0 0
0 0
0 0
0 0
0 0
0 0
0 0
0 0
0 0
0 0
0 0
0 0
0 0
0 0
0 0
0 0
0 0
0 0
0 0
0 0
0 0
0 0
0 0
0 0
0 0
0 0
0 0
0 0
0 0
0 0
0 0
0 0
0 0
0 0
0 0
0 0
0 0
0 0
0 0
0 0
0 0
0 0
0 0
0 0
0 0
0 0
0 0
0 0
0 0
0 0
0 0
0 0
0 0
0 0
0 0
0 0
0 0
0 0
0 0
0 0
0 0
0 0
19 -17
-64 9
-8 33
-2 -436
456 -7
4 12
233 -11
-4 -6
64 -122
130 -12
255 -16
17 -4
15 267
-3 24
-8 14
-355 503
45 -41
-8 13
-20 20
-19 14
-20 -3
-127 20
6 19
-4 364
-364 10
0 122
-13 90
-10 225
-15 8
17 -302
285 18
4 -67
16 -17
600 -207
17 -17
180 -43
-48 11
-8 -3
-8 4
20 -15
-9 18
-8 8
-6 -64
3 16
6 -165
168 -19
117 9
13 3
-16 13
68 1
-10 13
1 20
-9 -6
12 -41
259 -270
254 -515
89 -2
5 4
214 -15
-21 9
135 -156
20 -251
20 15
-14 3
7 160
-156 -5
18 -17
253 8
-12 -7
186 -13
20 -21
-11 -6
6 140
-51 18
-34 114
-107 35
2 -20
13 -14
5 16
-13 131
-19 2
7 -11
12 2
-3 204
-15 121
-11 9
19 69
-60 -317
48 -17
5 -10
173 45
-37 -4
5 20
-332 17
-18 161
-48 88
-160 50
17 -15
-13 293
-14 9
-263 16
-9 -286
272 -11
14 13
-92 3
16 -8
17 -339
556 -18
54 -20
-13 80
-2 -13
1 19
20 -16
10 -233
-1 -4
301 -11
45 -32
-4 188
-16 9
-204 179
188 -202
6 1
14 -129
16 -19
784 -13
-5 18
55 -84
-4 -7
-20 13
11 -4
-19 -1
-132 13
-14 7
2 14
-467 123
-146 57
-4 17
2 13
-16 43
-54 10
18 -304
15 -3
18 -179
17 -187
-6 18
20 -17
-15 -20
18 -7
148 20
-140 -10
-5 14
0 -13
18 -318
11 -86
117 -103
197 -575
65 -4
-49 20
-93 7
-9 11
-16 16
-175 5
-15 -6
-17 120
461 -11
-9 11
-97 189
-131 3
0 1
-19 7
-8 88
14 -16
-8 5
-13 -4
-6 5
-74 85
-7 4
-170 143
5 1
3 -2
5 -9
-2 -11
0 8
12 64
-13 142
-159 19
-19 7
6 1
-17 315
-286 -1
11 -1
9 -10
-21 -14
-2 44
-2 14
-279 245
-9 44
-54 346
-612 318
-18 18
14 -152
94 -14
6 106
-290 233
-298 310
290 -12
-13 6
-18 -107
-13 4
5 -13
-4 -16
20 0
-14 -8
31 -12
0 -17
-208 485
-18 -13
-2 -18
444 -451
-33 -141
166 -4
-93 -8
-14 -142
9 -6
20 3
-84 92
12 -146
40 -29
15 -112
53 275
-18 401
-8 5
76 4
-77 77
0 -8
156 2
20 -44
152 -170
16 -5
67 -67
2 20
-153 228
-12 14
2 32
-62 15
-2 18
-17 -10
2 15
-4 -1
-39 43
94 -58
0 16
-435 19
-19 4
-19 1
-61 112
