0 0 0 0
0 0 0 0
0 0 0 0
0 0 0 0
0 0 0 0
0 0 0 0
0 0 0 0
0 0 0 0
0 0 0 0
0 0 0 0
0 0 0 0
0 0 0 0
0 0 0 0
0 0 0 0
0 0 0 0
0 0 0 0
0 0 0 0
0 0 0 0
0 0 0 0
0 0 0 0
0 0 0 0
0 0 0 0
0 0 0 0
0 0 0 0
0 0 0 0
0 0 0 0
0 0 0 0
0 0 0 0
0 0 0 0
0 0 0 0
0 0 0 0
0 0 0 0
0 0 0 0
0 0 0 0
0 0 0 0
0 0 0 0
0 0 0 0
0 0 0 0
0 0 0 0
0 0 0 0
0 0 0 0
0 0 0 0
0 0 0 0
0 0 0 0
0 0 0 0
0 0 0 0
0 0 0 0
0 0 0 0
0 0 0 0
0 0 0 0
0 0 0 0
0 0 0 0
0 0 0 0
0 0 0 0
0 0 0 0
0 0 0 0
0 0 0 0
0 0 0 0
0 0 0 0
0 0 0 0
0 0 0 0
0 0 0 0
0 0 0 0
0 0 0 0
0 0 0 0
0 0 0 0
0 0 0 0
0 0 0 0
0 0 0 0
0 0 0 0
0 0 0 0
0 0 0 0
0 0 0 0
0 0 0 0
0 0 0 0
0 0 0 0
0 0 0 0
0 0 0 0
0 0 0 0
0 0 0 0
0 0 0 0
0 0 0 0
0 0 0 0
0 0 0 0
0 0 0 0
0 0 0 0
0 0 0 0
0 0 0 0
0 0 0 0
0 0 0 0
0 0 0 0
0 0 0 0
0 0 0 0
0 0 0 0
0 0 0 0
0 0 0 0
0 0 0 0
0 0 0 0
0 0 0 0
0 0 0 0
0 0 0 0
0 0 0 0
0 0 0 0
0 0 0 0
0 0 0 0
0 0 0 0
0 0 0 0
0 0 0 0
0 0 0 0
0 0 0 0
0 0 0 0
0 0 0 0
0 0 0 0
0 0 0 0
0 0 0 0
0 0 0 0
0 0 0 0
0 0 0 0
0 0 0 0
0 0 0 0
0 0 0 0
0 0 0 0
0 0 0 0
0 0 0 0
0 0 0 0
0 0 0 0
0 0 0 0
0 0 0 0
0 0 0 0
0 0 0 0
0 0 0 0
0 0 0 0
0 0 0 0
0 0 0 0
0 0 0 0
0 0 0 0
0 0 0 0
0 0 0 0
0 0 0 0
0 0 0 0
0 0 0 0
0 0 0 0
0 0 0 0
0 0 0 0
0 0 0 0
0 0 0 0
0 0 0 0
0 0 0 0
0 0 0 0
0 0 0 0
0 0 0 0
0 0 0 0
0 0 0 0
0 0 0 0
0 0 0 0
0 0 0 0
0 0 0 0
0 0 0 0
0 0 0 0
0 0 0 0
0 0 0 0
0 0 0 0
0 0 0 0
0 0 0 0
0 0 0 0
0 0 0 0
0 0 0 0
0 0 0 0
0 0 0 0
0 0 0 0
0 0 0 0
0 0 0 0
0 0 0 0
0 0 0 0
0 0 0 0
0 0 0 0
0 0 0 0
0 0 0 0
0 0 0 0
0 0 0 0
0 0 0 0
0 0 0 0
0 0 0 0
0 0 0 0
0 0 0 0
0 0 0 0
0 0 0 0
0 0 0 0
0 0 0 0
0 0 0 0
0 0 0 0
0 0 0 0
0 0 0 0
0 0 0 0
0 0 0 0
0 0 0 0
0 0 0 0
0 0 0 0
0 0 0 0
0 0 0 0
0 0 0 0
0 0 0 0
0 0 0 0
0 0 0 0
0 0 0 0
0 0 0 0
0 0 0 0
0 0 0 0
0 0 0 0
0 0 0 0
0 0 0 0
0 0 0 0
0 0 0 0
0 0 0 0
0 0 0 0
0 0 0 0
0 0 0 0
0 0 0 0
0 0 0 0
0 0 0 0
0 0 0 0
0 0 0 0
0 0 0 0
0 0 0 0
0 0 0 0
0 0 0 0
0 0 0 0
0 0 0 0
0 0 0 0
0 0 0 0
0 0 0 0
0 0 0 0
0 0 0 0
0 0 0 0
0 0 0 0
0 0 0 0
0 0 0 0
0 0 0 0
0 0 0 0
0 0 0 0
0 0 0 0
0 0 0 0
0 0 0 0
0 0 0 0
0 0 0 0
0 0 0 0
0 0 0 0
0 0 0 0
0 0 0 0
0 0 0 0
0 0 0 0
0 0 0 0
0 0 0 0
0 0 0 0
0 0 0 0
0 0 0 0
19 -17 -64 9
-8 33 -2 -436
456 -7 4 12
233 -11 -4 -6
64 -122 130 -12
255 -16 17 -4
15 267 -3 24
-8 14 -355 503
45 -41 -8 13
-20 20 -19 14
-20 -3 -127 20
6 19 -4 364
-364 10 0 122
-13 90 -10 225
-15 8 17 -302
285 18 4 -67
16 -17 600 -207
17 -17 180 -43
-48 11 -8 -3
-8 4 20 -15
-9 18 -8 8
-6 -64 3 16
6 -165 168 -19
117 9 13 3
-16 13 68 1
-10 13 1 20
-9 -6 12 -41
259 -270 254 -515
89 -2 5 4
214 -15 -21 9
135 -156 20 -251
20 15 -14 3
7 160 -156 -5
18 -17 253 8
-12 -7 186 -13
20 -21 -11 -6
6 140 -51 18
-34 114 -107 35
2 -20 13 -14
5 16 -13 131
-19 2 7 -11
12 2 -3 204
-15 121 -11 9
19 69 -60 -317
48 -17 5 -10
173 45 -37 -4
5 20 -332 17
-18 161 -48 88
-160 50 17 -15
-13 293 -14 9
-263 16 -9 -286
272 -11 14 13
-92 3 16 -8
17 -339 556 -18
54 -20 -13 80
-2 -13 1 19
20 -16 10 -233
-1 -4 301 -11
45 -32 -4 188
-16 9 -204 179
188 -202 6 1
14 -129 16 -19
784 -13 -5 18
55 -84 -4 -7
-20 13 11 -4
-19 -1 -132 13
-14 7 2 14
-467 123 -146 57
-4 17 2 13
-16 43 -54 10
18 -304 15 -3
18 -179 17 -187
-6 18 20 -17
-15 -20 18 -7
148 20 -140 -10
-5 14 0 -13
18 -318 11 -86
117 -103 197 -575
65 -4 -49 20
-93 7 -9 11
-16 16 -175 5
-15 -6 -17 120
461 -11 -9 11
-97 189 -131 3
0 1 -19 7
-8 88 14 -16
-8 5 -13 -4
-6 5 -74 85
-7 4 -170 143
5 1 3 -2
5 -9 -2 -11
0 8 12 64
-13 142 -159 19
-19 7 6 1
-17 315 -286 -1
11 -1 9 -10
-21 -14 -2 44
-2 14 -279 245
-9 44 -54 346
-612 318 -18 18
14 -152 94 -14
6 106 -290 233
-298 310 290 -12
-13 6 -18 -107
-13 4 5 -13
-4 -16 20 0
-14 -8 31 -12
0 -17 -208 485
-18 -13 -2 -18
444 -451 -33 -141
166 -4 -93 -8
-14 -142 9 -6
20 3 -84 92
12 -146 40 -29
15 -112 53 275
-18 401 -8 5
76 4 -77 77
0 -8 156 2
20 -44 152 -170
16 -5 67 -67
2 20 -153 228
-12 14 2 32
-62 15 -2 18
-17 -10 2 15
-4 -1 -39 43
94 -58 0 16
-435 19 -19 4
-19 1 -61 112
-12 6 -14 -10
-3 18 147 -2
-12 11 4 0
258 -237 17 41
-1 3 -27 -1
160 -20 4 -3
-11 11 -231 61
-12 168 5 9
6 -1 -304 20
-60 88 -9 21
-144 -10 166 -14
3 -12 -17 389
-611 322 -20 -13
-143 11 -18 330
-12 55 161 -119
169 4 -5 9
20 -175 145 -9
-12 107 -89 -165
-736 149 20 -2
2 -4 -9 104
10 -144 119 -8
16 46 -64 15
-19 -9 170 -161
248 -242 123 -261
271 16 11 -84
19 -14 18 -16
20 -17 16 1
3 -14 -15 13
4 -20 -2 -5
61 -64 -18 -12
131 -13 -136 -11
12 -9 -3 18
20 -3 114 -187
57 61 13 -308
11 7 -9 -17
213 -228 17 10
-7 12 -29 4
127 -15 0 -17
10 -56 -269 11
22 -1 5 16
-16 243 -8 10
20 -1 -2 9
-10 -7 -14 16
-49 32 5 -20
-5 9 19 7
-148 146 -285 92
-15 -10 86 -16
20 7 14 -20
-3 -13 17 -3
7 -166 18 -16
-15 11 3 -163
15 -411 18 9
24 -11 10 -15
-18 10 -179 7
-60 60 -2 -15
-92 7 -5 10
277 -14 127 8
158 -174 -74 10
115 10 -19 -9
5 18 -108 44
8 -20 16 -39
-15 10 -12 1
19 -442 433 -11
0 -157 178 -16
151 -10 -5 146
-120 -2 -136 141
-111 4 -3 12
-4 211 -3 -57
8 -5 19 0
-158 -1 16 13
2 -13 217 -42
20 16 19 -17
-3 -20 801 -260
3 45 -53 12
20 -18 57 12
-6 -1 1 -43
215 -5 24 -5
183 -46 8 -232
20 -10 -195 19
107 -2 41 -332
270 -19 0 -18
-3 -19 -9 7
196 -88 -4 3
81 -58 20 -119
2 -10 134 9
-163 188 1 -14
9 -17 -18 10
-5 15 -351 16
-12 0 19 56
14 -11 27 180
-182 210 -182 6
-2 89 -107 10
-19 -3 -8 20
-4 -3 15 14
-15 -20 15 9
17 -4 -12 0
-13 -12 9 18
40 -12 15 17
7 -248 9 15
-17 -1 13 -259
287 1 -10 19
-143 58 -3 17
-8 18 135 -289
184 -225 523 -344
19 -240 17 -9
1 -5 9 -13
12 11 168 -349
20 -127 14 1
14 -4 -18 12
118 -1 -33 191
-19 304 -17 20
-531 193 -4 20
10 -3 9 -13
-4 166 -141 -9
210 -221 15 -113
85 -12 0 -19
-15 20 4 13
-4 -15 -5 14
5 -10 165 -73
137 11 -8 -10
-554 -133 237 -15
1 10 16 -1
-12 -7 -3 10
-14 126 20 -7
16 70 -90 20
4 17 0 -9
-10 13 -199 165
5 17 -11 11
-139 -12 8 -8
1 4 442 -167
8 10 -12 4
-16 -12 39 5
17 -20 -15 -16
105 -14 -142 -6
7 -20 -2 -94
126 -95 72 -9
16 -5 -288 18
12 -6 89 -3
-20 482 -395 20
-174 169 -15 11
67 -57 -205 9
-56 -5 1 212
7 -4 15 -2
-129 251 -225 99
-35 5 -19 -6
13 204 0 11
-251 298 0 -5
-11 -7 -11 3
-233 6 -174 -13
359 -393 13 20
-145 106 217 -5
17 -7 265 -4
-18 15 -14 74
-11 16 -41 129
-19 -3 -14 -10
-15 279 -250 -218
224 -12 3 -15
-2 293 -322 17
-338 654 -325 13
-1 16 -9 -242
296 -19 -20 -13
-56 11 -5 -20
-4 423 -20 -244
19 11 7 -1
-11 2 11 -8
-135 131 168 -19
27 -22 -18 17
4 10 -7 0
10 -7 25 -20
2 7 -9 -24
46 -49 33 274
8 92 -184 47
-37 -8 16 5
-63 46 -5 -12
-5 -282 12 -371
705 -13 0 16
-308 16 1 58
-16 8 17 -2
3 12 -6 14
-90 165 -269 -11
7 -19 136 6
-19 122 106 -75
-6 141 -264 1
-15 -5 105 -89
258 9 -253 133
-116 14 20 -312
-11 1 -19 1
19 -138 56 -5
-818 385 235 -210
5 -17 -20 -2
4 -9 16 1
-20 112 0 -13
-3 6 -18 311
-300 11 -179 18
13 -110 109 17
-2 14 91 11
4 11 -75 2
-118 8 137 -5
15 -9 186 -261
-56 181 -327 38
-2 -8 3 -3
1 24 -100 -6
-10 -128 18 4
11 -19 -16 -7
120 -160 186 -106
104 4 13 -17
11 -11 8 12
20 -245 7 -5
27 13 -13 411
-429 -188 20 2
16 -2 16 6
12 -20 548 -14
225 -8 14 7
-14 8 -9 7
2 11 -187 -17
6 -16 45 -139
18 -62 5 -74
-18 14 1 -121
-17 158 -20 11
44 -15 17 -231
-12 -4 19 0
-20 7 19 -5
14 -19 -18 19
-7 1 -10 10
-82 1 158 13
19 3 -19 6
-30 -162 17 218
-16 13 4 7
-7 18 -184 194
14 -11 -251 100
0 25 -9 58
-36 -6 -11 6
-10 18 -17 8
-2 -5 2 17
-15 13 -3 -426
102 -16 822 -212
-17 12 -48 -72
10 -115 -236 337
-319 12 4 6
-13 -6 -15 2
322 -20 -13 -88
45 -216 10 -185
151 -5 -17 -14
74 -5 136 99
1 139 -115 0
21 -80 59 -129
19 -63 9 -9
109 -10 20 -18
-9 -10 265 -18
250 -19 -13 317
-10 -41 45 130
-162 17 19 -14
475 -17 -30 19
-1 7 17 9
-20 24 -16 -18
202 -252 -7 -3
11 -4 14 -15
16 -16 -7 1
-20 3 -20 1
-13 5 -112 15
-83 -42 261 -75
5 -150 318 -218
114 212 -2 124
27 -2 169 -19
49 -76 15 -17
4 -7 2 8
12 -31 6 7
-11 -2 18 -16
-15 -8 1 0
8 0 -185 164
7 69 -106 -3
11 273 4 -10
-15 18 5 -16
-3 11 0 -20
-9 -11 -3 15
-349 337 -516 18
-20 18 -10 12
8 108 -114 -139
19 -2 2 -15
-18 385 -415 202
-117 146 2 -27
17 -13 -3 10
17 -178 150 -12
-22 14 -9 242
-123 140 -19 -5
-6 8 -117 6
-12 -7 -16 49
-59 13 -124 -2
-8 207 -311 -8
-7 32 -200 187
-17 11 -16 -20
517 -428 13 -10
4 15 -206 294
-11 -1 13 -16
13 3 16 -17
20 -92 -6 12
3 -10 16 -18
239 -136 19 -539
532 10 -44 308
-377 374 -466 15
-15 10 48 51
-231 249 743 -237
6 0 7 -6
-9 14 15 -1
15 2 -55 -5
-20 234 -99 8
-6 8 -79 11
13 -4 2 -135
17 -113 1 -6
135 -125 19 20
-7 85 -289 199
-100 -20 -19 354
-16 -17 20 15
-266 19 2 -19
6 482 -132 14
20 8 -8 20
-20 11 8 4
-10 23 -11 71
80 -79 -11 -5
18 -16 115 -131
120 -5 2 4
-159 120 14 -14
18 2 -9 5
-6 -17 18 -344
18 14 -98 82
-1 8 -18 17
-194 -118 18 -12
18 19 4 -6
6 13 -65 -2
33 12 1 17
-29 17 -156 -44
233 -7 -11 17
16 -14 -13 -10
-18 6 17 10
-15 -18 86 -9
13 -5 11 14
15 -20 -8 16
4 -112 17 5
-19 18 13 -18
20 2 -23 -221
195 8 -17 13
-183 144 5 169
12 -13 11 -1
26 -15 -1 -85
67 -5 -17 274
-216 -8 7 1
4 6 -140 12
4 -8 17 -18
376 108 -14 184
-180 22 20 111
1 4 3 -19
6 0 155 -7
2 -6 4 19
-8 -14 12 -17
-1 -8 7 6
-342 523 -322 8
-2 8 20 -101
4 14 -152 154
-16 5 -269 296
-111 157 0 -6
-19 157 -14 20
-87 12 -103 -43
98 -12 599 -457
8 -19 20 3
191 -185 4 7
12 1 -293 -3
12 -314 300 -19
-13 20 12 -17
19 -19 66 -12
53 -78 90 12
19 -14 115 -21
-4 -20 7 18
-111 98 17 14
-1 19 13 -404
310 -10 141 0
-11 12 -20 -342
20 13 10 2
-14 6 -7 -6
180 -356 313 -97
108 -20 14 12
-32 -6 -10 5
-7 -17 111 -107
16 4 -15 11
-2 1 -80 -14
98 -61 11 -12
20 17 9 -7
-19 3 13 -16
10 20 -14 356
0 -2 18 3
-59 23 103 -11
12 19 -1 -17
10 -15 61 3
-132 11 31 14
-61 15 -107 11
73 -335 20 3
-7 13 0 -15
192 39 3 -2
4 -8 -7 -20
19 1 -188 -5
-46 79 -1 -7
-17 7 0 3
-10 97 3 -1
5 -5 5 199
-216 -17 54 -25
-12 -11 113 -17
19 -196 13 -15
-53 -5 14 -11
189 -20 -10 -19
-11 20 5 -10
11 -19 -12 166
-154 2 -19 -5
-165 185 -549 18
-443 -165 18 -166
154 1 -20 115
-3 -13 12 79
-82 77 -248 211
8 -15 17 13
-16 -7 19 2
-81 703 -325 2
14 -19 344 -12
9 173 -12 1
12 -15 -16 -2
-14 11 6 -13
-346 338 -11 28
11 -149 15 -10
37 -15 115 19
-80 15 -165 15
7 -1 5 -19
-14 10 15 -191
-2 19 -8 212
-188 13 -17 112
-149 7 -204 16
-21 18 -19 20
-36 121 -18 -16
-20 314 -316 9
-13 17 -18 14
-1 19 -50 -2
65 -4 -19 116
11 -34 6 17
-15 4 14 17
19 -3 -20 263
-580 20 9 -17
166 8 -450 192
-18 16 1 -90
117 -9 17 -4
-9 0 -90 19
-12 207 -157 7
178 -129 4 -14
84 15 -173 112
-99 -184 -127 16
-135 18 -14 78
-100 14 1 15
-19 18 -285 300
-6 -5 -24 81
-66 -14 14 20
7 9 -36 -126
-48 17 -16 9
12 -7 99 137
-13 266 9 -7
9 -19 -6 64
-144 -72 1 121
-153 6 -133 19
13 -18 217 11
220 -242 183 337
-160 288 -153 -48
20 19 14 -25
25 -15 7 -20
19 -158 1 -3
18 -195 -92 7
13 168 -420 406
25 -18 -6 20
-193 -3 12 7
-16 -9 3 -15
-6 -13 -15 50
-4 8 6 20
-212 -73 970 -217
76 12 -218 230
-10 18 19 -132
3 -3 55 -9
18 -58 14 -13
-4 -5 18 7
12 17 -20 13
2 -360 18 15
8 12 -355 -1
14 -173 17 -2
-9 -18 19 -7
-15 17 -6 4
19 -268 19 -26
-90 5 3 13
-1 3 -20 -12
-169 19 -63 -8
-13 142 -119 8
16 17 -255 214
-16 -5 79 -75
301 -386 9 -20
20 -18 204 -20
19 3 -12 12
4 -53 8 -7
75 142 -20 16
-18 6 8 -4
0 17 11 8
-58 7 -9 9
-275 44 152 -155
4 19 4 -165
22 -32 13 -17
358 -13 -2 20
-947 313 6 -20
28 -17 -13 7
17 -12 163 -280
292 -12 18 -4
1 -77 14 -10
-11 -10 19 55
-160 17 134 -13
-2 219 92 -77
165 -64 43 20
-1 -19 -18 -112
135 -14 19 1
12 19 -92 -86
18 -19 -259 203
-3 6 -54 42
286 -10 -19 17
6 246 -278 -330
251 -14 18 -32
18 9 -10 -74
3 1 8 -20
19 -11 130 -26
-177 177 -211 68
-19 375 -734 -277
68 -4 20 -249
19 7 1 4
-7 -2 -4 -2
-19 147 -20 12
-252 426 -13 -4
-47 32 11 -31
79 40 109 -305
120 49 -35 14
-5 -1 17 14
-9 -14 19 -85
1 -11 180 -335
28 137 0 -7
-20 18 2 15
-19 9 -7 4
-7 20 -67 8
-9 -12 -1 81
-68 16 -72 -13
-50 139 -19 10
20 -2 -6 5
-2 -20 237 11
-9 19 -32 14
10 13 -408 104
341 -326 14 -91
11 236 -8 -19
103 -6 11 14
-7 -1 -6 -16
179 -404 414 1
19 -10 -49 62
7 -8 304 -233
351 20 -101 164
-16 94 -2 1
-142 390 -17 15
-15 9 15 -14
18 -58 167 -13
-105 -151 27 -52
-5 -11 -16 5
4 -16 -14 -12
2 17 -3 -30
254 -11 3 17
-18 12 -161 327
-7 19 -264 308
-58 4 67 -12
379 -338 229 -10
19 9 19 -13
-19 16 -154 16
-9 11 -418 163
-127 -8 -6 -18
0 17 -98 3
17 -19 -5 11
6 -7 1 19
15 20 -18 4
-79 115 4 -6
-19 -9 -116 135
-11 2 10 51
-11 64 17 -20
165 -190 18 -1
-13 -6 6 1
-12 -26 288 -430
11 -12 -20 4
11 4 1 35
0 -105 -18 17
-101 -14 7 1
-10 77 180 -72
-17 2 138 11
-4 251 -562 282
-18 -11 -16 0
-20 -14 -2 -11
-3 5 -38 4
12 -75 4 -20
17 -2 -16 -9
-103 -1 -323 416
-3 16 -32 -244
309 -17 -11 0
2 18 17 1
-7 -15 4 172
5 -115 16 10
12 7 13 14
5 -3 6 119
-19 16 1 -17
-12 19 12 -13
-3 -7 15 -65
-10 -15 18 -166
-18 6 15 -182
7 14 -224 -8
11 4 14 -55
19 -16 310 -9
-13 13 -218 293
-119 113 -20 16
-6 17 87 -242
20 -16 35 -10
11 12 -12 212
-222 18 19 -5
-20 20 -164 139
-128 -44 10 -166
13 -58 77 -10
18 -281 17 -3
-1 -6 6 18
-19 6 -194 137
-125 18 -49 45
13 8 19 -14
6 14 6 -7
9 -1 1 -19
-3 -14 192 -239
83 7 -14 -20
298 -276 1 5
-3 18 -83 18
0 102 2 96
-7 -3 134 -4
18 -266 15 -10
12 -7 513 -151
7 10 15 -9
-62 7 9 222
-153 14 50 -11
12 -16 -19 12
-25 -11 2 -13
-327 3 12 -18
109 -110 -17 -20
17 -3 19 -3
271 -17 11 -17
-20 4 -146 -20
18 10 -7 -5
-16 368 -381 -31
233 -20 34 -23
75 -20 10 -5
-15 90 -1 -17
-96 12 0 3
6 -164 130 20
-9 -16 -3 -21
144 -19 577 -4
14 0 17 15
-10 63 -7 -6
1 -216 57 -19
-3 -63 117 262
-19 162 -3 6
252 -278 18 -5
-16 -20 203 -172
-36 14 0 -143
109 8 13 0
-14 132 -167 -13
-12 -13 -6 19
10 -12 18 -3
11 -14 9 -133
1 -7 15 -52
59 1 -17 194
-156 13 6 87
-89 153 -323 370
-67 -2 85 167
-2 -13 18 -12
19 -5 26 -140
16 18 -3 4
-11 15 -195 166
101 -19 -15 14
-5 -3 -4 163
-249 390 -68 -3
-14 -15 -8 20
-144 149 -336 306
-19 154 -126 -3
-83 97 -2 -14
-20 -4 -11 0
-12 483 -370 13
16 0 -20 -8
388 -409 269 -8
2 -1 17 -10
3 -19 -302 282
-15 3 15 -2
-16 -7 102 242
26 -17 288 -314
15 -80 -106 14
-103 185 -14 230
-26 10 -15 19
-19 10 3 -128
5 18 -144 14
-4 264 -17 -3
-8 -19 13 -12
18 9 -107 -16
-125 20 -68 15
-52 20 -86 -8
-15 40 3 2
108 -114 95 -11
344 -18 -1 13
-11 19 13 -15
7 15 -154 177
-232 10 -85 86
4 -18 132 8
-247 19 0 7
-5 -11 17 2
-260 285 -68 79
-88 7 -6 -2
-17 -20 3 -18
443 -231 17 8
-8 3 -2 -165
15 105 -10 -16
-129 5 -543 290
2 -6 -15 -12
-19 -89 47 -13
-9 196 -1 117
-20 7 -15 -296
14 -227 17 -212
20 17 -198 162
13 -6 -11 -14
-13 -1 11 3
24 9 -241 -6
-158 -13 78 -76
-35 128 -9 9
11 -19 2 -13
3 -7 -16 -1
76 101 -89 3
-1 2 4 3
-12 -3 -106 89
64 1 -13 -16
20 10 -125 19
-3 -18 -119 145
-182 164 -30 175
34 -19 12 19
-5 -361 103 60
-123 308 -319 20
6 -18 12 17
-223 54 29 -17
3 5 -11 16
10 -5 96 -6
66 -94 3 -8
139 -18 15 0
232 -6 6 -14
16 -271 -11 44
-9 13 -58 34
-2 17 -224 -4
-49 17 15 -17
-9 20 16 60
-20 10 -3 9
16 74 4 -262
0 10 126 1
-86 121 207 -17
7 -443 20 -245
14 -3 16 -9
18 1 -17 -7
-14 -8 10 -12
-3 -6 20 -14
-12 122 -12 -5
-14 -19 124 -180
456 -498 426 -9
-10 -362 394 -18
-15 -36 71 197
-451 185 5 -71
-15 -4 -9 -19
165 -176 -8 6
-6 -7 -17 70
-9 -22 20 -14
-5 2 -18 -2
241 20 3 -238
241 -232 15 -5
15 -3 -18 -207
17 0 6 -34
18 16 29 15
-19 135 -145 -17
12 -6 -20 141
13 -88 -1 146
-134 0 256 -20
12 19 2 -20
13 1 -80 -3
-18 -17 4 -96
20 -321 211 3
9 27 -5 178
-55 -70 88 -15
138 -15 273 6
30 -12 -205 26
-46 -17 273 -19
184 -5 0 -27
52 -15 2 -20
-16 -1 -53 110
-252 137 308 -88
-106 142 -120 14
6 -30 -9 17
-8 9 -4 -17
-16 -150 186 -4
13 5 -9 -13
13 1 -1 -11
13 6 -130 279
-204 20 -232 12
-20 262 3 -90
5 -8 17 15
-142 147 -13 -17
13 9 65 -2
2 -17 3 -1
-13 -2 -109 31
-13 -3 14 158
-290 8 -16 216
-393 2 -17 -2
-12 177 20 -165
193 -20 15 -19
1 20 -7 2
76 -18 -5 133
-6 -115 -1 -93
-2 -4 322 -581
-28 -50 -114 15
-165 -5 -139 20
-19 -15 -104 308
-19 479 -19 51
-4 -1 8 -19
-1 -19 66 -8
0 137 -169 8
16 26 -237 6
19 -112 -47 9
4 -4 -13 7
-19 17 -20 18
13 -5 153 3
14 18 -16 -19
97 -57 -7 68
-11 14 -1 112
-137 18 -11 11
3 6 52 -97
20 18 -18 4
-163 157 -12 16
-18 2 -89 725
-284 15 9 -43
18 -13 -3 146
-17 27 14 19
-4 104 -132 19
-20 -2 6 -5
-8 2 1 8
-252 6 -14 51
-83 18 -231 -2
15 -230 -5 4
-16 -28 46 20
-20 138 -112 7
3 47 69 -48
19 -17 18 2
71 -222 192 312
-457 11 -552 137
-37 -7 466 -311
19 -8 -68 51
-19 2 -14 -3
-18 211 62 -5
5 -235 471 -206
342 -7 -257 60
-31 1 5 -20
16 24 -7 -18
75 4 11 14
-17 10 -12 -15
14 -294 -10 13
-20 -2 15 -5
-20 8 136 -16
19 -417 843 6
-5 -96 175 -6
15 17 0 -15
120 -504 199 -4
-21 -13 -30 20
-9 53 -41 -11
19 11 12 -5
-19 1 11 8
15 98 -10 13
-363 288 94 -10
18 -90 -52 15
-11 14 -378 360
219 -85 4 23
10 -12 47 -161
-16 80 50 3
-14 11 -19 311
-306 20 -415 4
129 -3 7 -8
17 5 27 -313
16 -158 -6 18
2 8 -1 4
-16 -9 -51 20
-95 80 30 84
-116 -30 510 27
-25 -6 17 9
-20 13 13 -15
14 -19 12 -2
16 20 -182 7
-8 4 -7 5
-51 68 4 -18
7 -86 67 13
18 -55 5 -2
83 -141 123 -2
2 13 -12 -20
5 -19 206 -216
13 -12 -5 -179
14 -3 -10 2
-17 136 -142 -12
-14 1 -27 14
142 -382 20 -15
0 -3 178 -214
6 19 -16 -14
252 16 -17 1
9 -316 17 -157
122 241 -9 -4
-118 103 -12 -17
-7 -1 -14 -15
-13 109 -67 -50
-130 148 -3 9
17 20 -19 99
-47 16 169 -17
4 7 -95 26
-29 147 -557 311
-4 8 -20 -4
-19 -223 -22 39
-72 85 -12 15
-330 7 11 -20
13 -3 11 17
-7 -17 20 -6
-102 73 -120 103
6 11 -19 299
-317 291 -10 -13
20 16 -2 18
-6 62 -170 16
11 -5 -287 20
-16 14 -112 9
-155 122 -13 16
-33 231 -8 -6
35 -1 2 -220
-7 -8 1 -4
-17 -5 -6 11
1 16 -30 -17
17 -126 -6 17
10 -113 82 4
15 -62 155 -4
6 -15 11 5
-176 17 13 -11
0 403 -7 1
-8 9 176 -552
449 -14 17 -17
293 -19 396 -19
2 -2 -8 190
-195 9 -5 66
-10 56 -55 -15
-8 9 -16 -8
-6 11 -1 8
-16 34 -13 -20
1 13 -316 208
-203 11 -2 -56
78 -12 -8 11
-82 19 4 14
